1
12
10
0.000000000000000000e+00 2.487908359672354741e-01
1.090909090909090828e+00 7.913772676516660498e-01
2.181818181818181657e+00 1.228623222086771660e+00
2.634647078757623273e+00 6.682541318065150726e+00
3.272727272727272485e+00 1.839110341913628544e+00
4.363636363636363313e+00 2.346339189080723031e+00
5.454545454545454142e+00 2.864347481738960699e+00
6.545454545454544970e+00 3.461876420206054128e+00
7.395605831108689188e+00 5.147332001161730730e+00
7.636363636363635798e+00 4.002757678759026660e+00
8.727272727272726627e+00 4.684972187953639455e+00
9.818181818181816567e+00 5.130738900358942978e+00
1.090909090909090828e+01 5.585664579507742644e+00
1.151835363256146394e+01 4.989301242279863047e+00
1.200000000000000000e+01 6.171761299791453048e+00